6277 0.0363333 0.00626118 0.006 0.00715563 1604.32
6107 0.072 0.0143113 0.012 0.0125224 3214.48
3434 0.019 0.0384615 0.038 0.0769231 31082.8
6125 0.037 0.0760286 0.074 0.152057 40697.3
6277 0.0363333 0.00626118 0.006 0.00715563 1604.32
6107 0.072 0.0143113 0.012 0.0125224 3214.48
3434 0.019 0.0384615 0.038 0.0769231 31082.8
6125 0.037 0.0760286 0.074 0.152057 40697.3
6277 0.0363333 0.00626118 0.006 0.00715563 1604.32
6107 0.072 0.0143113 0.012 0.0125224 3214.48
3434 0.019 0.0384615 0.038 0.0769231 31082.8
6125 0.037 0.0760286 0.074 0.152057 40697.3
6277 0.0363333 0.00626118 0.006 0.00715563 1604.32
6107 0.072 0.0143113 0.012 0.0125224 3214.48
3434 0.019 0.0384615 0.038 0.0769231 31082.8
6125 0.037 0.0760286 0.074 0.152057 40697.3
6277 0.0363333 0.00626118 0.006 0.00715563 1604.32
6107 0.072 0.0143113 0.012 0.0125224 3214.48
3434 0.019 0.0384615 0.038 0.0769231 31082.8
6125 0.037 0.0760286 0.074 0.152057 40697.3
6277 0.0363333 0.00626118 0.006 0.00715563 1604.32
6107 0.072 0.0143113 0.012 0.0125224 3214.48
3434 0.019 0.0384615 0.038 0.0769231 31082.8
6125 0.037 0.0760286 0.074 0.152057 40697.3
