5 0.891333 0.554562 0.016 0.0715564 0.250219
2 0.479667 0.0165474 0.0126667 0.0187835 0.254549
2 0.801 0.239267 0.0153333 0.0205725 0.267257
2 0.122667 0.31619 0.024 0.0313059 0.29047
2 0.494333 0.00581395 0.00866667 0.0116279 0.305257
2 0.102 0.290698 0.0146667 0.0232558 0.320202
4 0.570667 0.52415 0.0106667 0.0411449 0.330129
2 0.839667 0.560823 0.038 0.0751342 0.341566
2 0.0923333 0.276386 0.0193333 0.0232558 0.38679
5 0.604667 0.323345 0.0173333 0.0581395 0.428635
4 0.031 0.354651 0.0126667 0.0527728 0.466265
4 0.305333 0.539356 0.0213333 0.0894454 0.505875
2 0.983 0.550089 0.0206667 0.0304114 0.519933
2 0.484 0.0223614 0.012 0.0250447 0.533179
2 0.451333 0.0782648 0.0333333 0.0509839 0.557755
4 0.00666667 0.35644 0.012 0.0581395 0.621284
4 0.492333 0.525492 0.022 0.0796064 0.643937
4 0.734667 0.314401 0.0186667 0.0760286 0.647474
4 0.890667 0.556351 0.0173333 0.0751342 0.705823
4 0.966 0.557692 0.0146667 0.0706619 0.721002
2 0.471 0.0299642 0.022 0.0313059 0.727903
4 0.320667 0.543381 0.0186667 0.0778175 0.7698
4 0.947667 0.562612 0.0286667 0.0769231 0.772195
4 0.547667 0.535778 0.0153333 0.0626118 0.801135
4 0.503333 0.546959 0.0226667 0.0813954 0.809533
4 0.434667 0.543828 0.016 0.0697674 0.820125
4 0.923667 0.562612 0.026 0.0715564 0.822156
2 0.448333 0.105098 0.03 0.0420394 0.848749
4 0.729 0.525045 0.0233333 0.0733453 0.859706
2 0.458667 0.0451699 0.0293333 0.0366726 0.863126
4 0.463 0.536225 0.026 0.0706619 0.868852
4 0.807 0.551431 0.03 0.0796064 0.876862
2 0.833333 0.249553 0.0653333 0.0536673 0.878374
4 0.839667 0.560823 0.038 0.0751342 0.88261
4 0.712333 0.320662 0.0206667 0.0670841 0.885515
2 0.570333 0.470483 0.118 0.0751342 0.917223
2 0.0433333 0.409213 0.0866667 0.0581395 0.921557
2 0.794667 0.283095 0.044 0.0581395 0.924759
2 0.418667 0.207066 0.0453333 0.0527728 0.928682
2 0.427667 0.648927 0.066 0.0939177 0.931047
2 0.155667 0.372987 0.094 0.0572451 0.937818
2 0.565 0.29517 0.054 0.0626118 0.939335
2 0.202 0.641771 0.0706667 0.088551 0.940478
2 0.422 0.784436 0.0773333 0.107335 0.942555
2 0.708667 0.288909 0.0466667 0.0661896 0.947507
2 0.312333 0.657424 0.0673333 0.0894454 0.948652
2 0.765333 0.468694 0.108 0.0751342 0.953367
2 0.161 0.778623 0.0873333 0.102862 0.953702
2 0.656 0.266547 0.0746667 0.0608229 0.956931
2 0.291667 0.763864 0.078 0.101968 0.959655
2 0.392 0.437835 0.118667 0.0670841 0.959924
2 0.209667 0.416369 0.132667 0.0652952 0.962162
5 0.891333 0.554562 0.016 0.0715564 0.250219
2 0.479667 0.0165474 0.0126667 0.0187835 0.254549
2 0.801 0.239267 0.0153333 0.0205725 0.267257
2 0.122667 0.31619 0.024 0.0313059 0.29047
2 0.494333 0.00581395 0.00866667 0.0116279 0.305257
2 0.102 0.290698 0.0146667 0.0232558 0.320202
4 0.570667 0.52415 0.0106667 0.0411449 0.330129
2 0.839667 0.560823 0.038 0.0751342 0.341566
2 0.0923333 0.276386 0.0193333 0.0232558 0.38679
5 0.604667 0.323345 0.0173333 0.0581395 0.428635
4 0.031 0.354651 0.0126667 0.0527728 0.466265
4 0.305333 0.539356 0.0213333 0.0894454 0.505875
2 0.983 0.550089 0.0206667 0.0304114 0.519933
2 0.484 0.0223614 0.012 0.0250447 0.533179
2 0.451333 0.0782648 0.0333333 0.0509839 0.557755
4 0.00666667 0.35644 0.012 0.0581395 0.621284
4 0.492333 0.525492 0.022 0.0796064 0.643937
4 0.734667 0.314401 0.0186667 0.0760286 0.647474
4 0.890667 0.556351 0.0173333 0.0751342 0.705823
4 0.966 0.557692 0.0146667 0.0706619 0.721002
2 0.471 0.0299642 0.022 0.0313059 0.727903
4 0.320667 0.543381 0.0186667 0.0778175 0.7698
4 0.947667 0.562612 0.0286667 0.0769231 0.772195
4 0.547667 0.535778 0.0153333 0.0626118 0.801135
4 0.503333 0.546959 0.0226667 0.0813954 0.809533
4 0.434667 0.543828 0.016 0.0697674 0.820125
4 0.923667 0.562612 0.026 0.0715564 0.822156
2 0.448333 0.105098 0.03 0.0420394 0.848749
4 0.729 0.525045 0.0233333 0.0733453 0.859706
2 0.458667 0.0451699 0.0293333 0.0366726 0.863126
4 0.463 0.536225 0.026 0.0706619 0.868852
4 0.807 0.551431 0.03 0.0796064 0.876862
2 0.833333 0.249553 0.0653333 0.0536673 0.878374
4 0.839667 0.560823 0.038 0.0751342 0.88261
4 0.712333 0.320662 0.0206667 0.0670841 0.885515
2 0.570333 0.470483 0.118 0.0751342 0.917223
2 0.0433333 0.409213 0.0866667 0.0581395 0.921557
2 0.794667 0.283095 0.044 0.0581395 0.924759
2 0.418667 0.207066 0.0453333 0.0527728 0.928682
2 0.427667 0.648927 0.066 0.0939177 0.931047
2 0.155667 0.372987 0.094 0.0572451 0.937818
2 0.565 0.29517 0.054 0.0626118 0.939335
2 0.202 0.641771 0.0706667 0.088551 0.940478
2 0.422 0.784436 0.0773333 0.107335 0.942555
2 0.708667 0.288909 0.0466667 0.0661896 0.947507
2 0.312333 0.657424 0.0673333 0.0894454 0.948652
2 0.765333 0.468694 0.108 0.0751342 0.953367
2 0.161 0.778623 0.0873333 0.102862 0.953702
2 0.656 0.266547 0.0746667 0.0608229 0.956931
2 0.291667 0.763864 0.078 0.101968 0.959655
2 0.392 0.437835 0.118667 0.0670841 0.959924
2 0.209667 0.416369 0.132667 0.0652952 0.962162
