      0/49     1.74G   0.05156   0.02908   0.01192   0.09256        16       640    0.6695    0.2679    0.2423    0.1085   0.07081   0.04794   0.01207
      1/49     5.21G   0.03879   0.02634  0.005941   0.07107        11       640    0.7471    0.3206    0.3621    0.1863   0.06049   0.05191   0.01096
      2/49     5.21G   0.03478   0.02569  0.004443   0.06491         9       640    0.5065    0.4106    0.3821     0.193   0.05779   0.05573   0.01005
      3/49     5.21G   0.03211   0.02565  0.004012   0.06177        21       640    0.5258    0.4106    0.4075     0.207   0.05774   0.05765   0.01008
      4/49     5.21G   0.03048   0.02455   0.00367   0.05869         8       640    0.5923    0.3966    0.4182    0.2172   0.05764   0.05901   0.01024
      5/49     5.21G    0.0294   0.02458  0.003537   0.05751        29       640    0.5352    0.4363    0.4401    0.2263   0.05734    0.0594   0.01151
      6/49     5.21G   0.02923   0.02421  0.003328   0.05677        16       640    0.5604    0.4315    0.4461    0.2327   0.05711   0.06141    0.0117
      7/49     5.21G   0.02877   0.02381  0.003258   0.05584        47       640    0.5968    0.4347    0.4729    0.2453   0.05754    0.0606  0.009939
      8/49     5.21G   0.02874   0.02376  0.003059   0.05556        12       640    0.5939    0.4525    0.4748    0.2521   0.05577   0.06136  0.009384
      9/49     5.21G   0.02813    0.0235  0.003002   0.05463         2       640    0.5737    0.4595    0.4789     0.256   0.05553   0.06048   0.01009
     10/49     5.21G   0.02792   0.02334  0.002977   0.05423        24       640    0.6182    0.4419    0.4823    0.2614   0.05536   0.06061   0.01086
     11/49     5.21G    0.0275    0.0229  0.002875   0.05327        25       640     0.654    0.4363    0.4897    0.2629   0.05491   0.06107  0.009347
     12/49     5.21G   0.02733   0.02288  0.002765   0.05297         8       640    0.6043    0.4624    0.4866    0.2596   0.05518    0.0639  0.008972
     13/49     5.21G   0.02714   0.02284   0.00265   0.05263         7       640    0.6255    0.4865    0.5145    0.2785    0.0539   0.06428  0.008761
     14/49     5.21G   0.02695   0.02257   0.00251   0.05203        33       640    0.6443    0.4614    0.5059    0.2777    0.0537   0.06272   0.01033
     15/49     5.21G   0.02683   0.02256  0.002494   0.05189        14       640    0.6791    0.4634    0.5162     0.275   0.05256   0.06388  0.009738
     16/49     5.21G   0.02675   0.02223  0.002281   0.05126         0       640    0.6314    0.4867    0.5187    0.2834   0.05187   0.06523  0.008763
     17/49     5.21G    0.0266    0.0225  0.002337   0.05143         3       640    0.7032    0.4468    0.5254    0.2777   0.05093   0.06591  0.009503
     18/49     5.21G   0.02658   0.02228  0.002205   0.05107         1       640    0.6316    0.4981    0.5279    0.2821   0.05065    0.0663  0.008962
     19/49     5.21G    0.0262   0.02184  0.002133   0.05018        16       640     0.687     0.499     0.546    0.2965   0.04991   0.06758   0.00962
     20/49     5.21G   0.02609   0.02166  0.002078   0.04983        23       640    0.6473    0.5001    0.5326    0.2911    0.0495   0.06772  0.008035
     21/49     5.21G   0.02592   0.02168  0.002048   0.04965        23       640    0.6606     0.494    0.5379    0.2903   0.04902   0.06788  0.008473
     22/49     5.21G   0.02588   0.02134  0.001916   0.04913         8       640    0.6968    0.4928    0.5545    0.2997   0.04869   0.06831   0.00892
     23/49     5.21G   0.02574    0.0219  0.001848   0.04948        17       640    0.6907    0.4918    0.5458     0.299   0.04853   0.07041  0.008409
     24/49     5.21G   0.02539   0.02117  0.001801   0.04837        12       640    0.6851    0.5124    0.5516    0.3053   0.04778   0.06964  0.007694
     25/49     5.21G   0.02544   0.02091  0.001743   0.04809         4       640    0.7023    0.4744    0.5429    0.2998   0.04752   0.07049  0.007944
     26/49     5.21G   0.02546   0.02098  0.001651   0.04808         8       640    0.7349     0.487    0.5557    0.3102    0.0473   0.07201  0.007958
     27/49     5.21G   0.02514   0.02077  0.001692    0.0476         4       640    0.6649    0.5247    0.5616    0.3097   0.04711   0.07193  0.008368
     28/49     5.21G   0.02506   0.02061  0.001684   0.04735        28       640    0.6858    0.5122    0.5634    0.3085   0.04656   0.07209  0.008401
     29/49     5.21G   0.02476   0.02077  0.001569    0.0471         8       640    0.6177    0.5555    0.5676    0.3145   0.04628   0.07368  0.008731
     30/49     5.21G   0.02473   0.02043  0.001532    0.0467        14       640    0.6973    0.5134    0.5631    0.3132   0.04607   0.07414  0.007745
     31/49     5.21G    0.0245   0.02043  0.001466   0.04639        10       640    0.6563    0.5377    0.5708    0.3175   0.04564   0.07545   0.00801
     32/49     5.21G   0.02448   0.01995  0.001393   0.04582         0       640    0.6995    0.5009    0.5609    0.3114   0.04591   0.07531  0.007638
     33/49     5.21G   0.02448   0.02009   0.00144   0.04601         7       640    0.7109    0.5015    0.5673    0.3227   0.04574   0.07406  0.007773
     34/49     5.21G   0.02422    0.0201   0.00135   0.04566        28       640    0.7257    0.5233    0.5791     0.322    0.0451   0.07565  0.007731
     35/49     5.21G   0.02409   0.01988  0.001289   0.04526        18       640    0.6908    0.5089     0.566    0.3209   0.04467   0.07654  0.007711
     36/49     5.21G   0.02408    0.0196  0.001261   0.04494        13       640    0.6833    0.5345    0.5727    0.3205   0.04429   0.07646  0.007865
     37/49     5.21G   0.02392   0.01953   0.00125   0.04471         4       640    0.7124    0.5305    0.5807    0.3261   0.04454   0.07815  0.007766
     38/49     5.21G   0.02376   0.01962  0.001208   0.04459         0       640    0.6831    0.5518    0.5789    0.3248   0.04426   0.07882  0.007426
     39/49     5.21G   0.02375   0.01975  0.001154   0.04466        26       640    0.7114    0.5261    0.5819    0.3255   0.04427   0.07917  0.007343
     40/49     5.21G   0.02357   0.01915  0.001122   0.04384         7       640    0.6835    0.5393    0.5831    0.3294   0.04393   0.07996  0.007502
     41/49     5.21G   0.02352   0.01894  0.001141    0.0436         6       640     0.688    0.5476     0.581     0.326   0.04382   0.08008  0.007551
     42/49     5.21G   0.02333   0.01926  0.001108    0.0437        37       640    0.6774    0.5525    0.5835    0.3281   0.04383    0.0801  0.007381
     43/49     5.21G   0.02341   0.01939  0.001062   0.04386        18       640    0.7035    0.5289    0.5831    0.3286   0.04398    0.0803  0.007531
     44/49      5.5G   0.02336   0.01899  0.001077   0.04343        18       640    0.6762    0.5574    0.5832     0.329   0.04383   0.08083  0.007564
     45/49      5.5G   0.02331   0.01903  0.001033   0.04337         0       640    0.6823    0.5464    0.5812    0.3305   0.04387   0.08096  0.007499
     46/49      5.5G   0.02324   0.01889  0.001075   0.04321         5       640    0.7134    0.5269    0.5827     0.329   0.04386   0.08112  0.007419
     47/49      5.5G   0.02316    0.0188 0.0009952   0.04295         0       640    0.6801    0.5536    0.5811      0.33   0.04376   0.08151  0.007408
     48/49      5.5G   0.02321   0.01887  0.001092   0.04317        24       640    0.6736    0.5532    0.5822    0.3306   0.04364   0.08109  0.007441
     49/49      5.5G   0.02303   0.01876  0.001029   0.04282        21       640     0.691    0.5493    0.5854    0.3311    0.0437   0.08156  0.007439
